***Sparse Matrix A***
64. 20. 20. 84. 68. 
61. 30. 48. 93. 2. 
99. 47. 4. 90. 80. 

***Sparse Matrix A***
0. 0. 3. 4. 6. 
1. 0. 2. 2. 2. 
0. 0. 0. 8. 0. 
8. 0. 0. 1. 0. 

***Sparse Matrix A***
0. 0. 3. 4. 6. 
1. 0. 2. 2. 2. 
0. 0. 0. 8. 0. 
8. 0. 0. 1. 0. 

***Sparse Matrix A***
0. 0. 3. 4. 6. 
1. 0. 2. 2. 2. 
0. 0. 0. 8. 0. 
8. 0. 0. 1. 0. 

***Sparse Matrix A***
0. 0. 3. 4. 6. 
1. 0. 2. 2. 2. 
0. 0. 0. 8. 0. 
8. 0. 0. 1. 0. 

***Sparse Matrix A***
0. 0. 3. 4. 6. 
1. 0. 2. 2. 2. 
0. 0. 0. 8. 0. 
8. 0. 0. 1. 0. 

***Sparse Matrix A***
0. 0. 3. 4. 6. 
1. 0. 2. 2. 2. 
0. 0. 0. 8. 0. 
8. 0. 0. 1. 0. 

***Sparse Matrix A***
0. 0. 3. 4. 6. 
1. 0. 2. 2. 2. 
0. 0. 0. 8. 0. 
8. 0. 0. 1. 0. 

***Sparse Matrix A***
0. 0. 3. 4. 6. 
1. 0. 2. 2. 2. 
0. 0. 0. 8. 0. 
8. 0. 0. 1. 0. 

***Sparse Matrix A***
0. 0. 3. 4. 6. 
1. 0. 2. 2. 2. 
0. 0. 0. 8. 0. 
8. 0. 0. 1. 0. 

***Sparse Matrix A***
0. 0. 3. 4. 6. 
1. 0. 2. 2. 2. 
0. 0. 0. 8. 0. 
8. 0. 0. 1. 0. 

***Sparse Matrix A***
0. 0. 3. 4. 6. 
1. 0. 2. 2. 2. 
0. 0. 0. 8. 0. 
8. 0. 0. 1. 0. 

***Sparse Matrix A***
0. 0. 3. 4. 6. 
1. 0. 2. 2. 2. 
0. 0. 0. 8. 0. 
8. 0. 0. 1. 0. 

***Sparse Matrix A***
0. 0. 3. 4. 6. 
1. 0. 2. 2. 2. 
0. 0. 0. 8. 0. 
8. 0. 0. 1. 0. 

***Sparse Matrix A***
0. 0. 3. 4. 6. 
1. 0. 2. 2. 2. 
0. 0. 0. 8. 0. 
8. 0. 0. 1. 0. 

***Sparse Matrix A***
486. 0. 0. 16. 0. 
0. 0. 0. 0. 0. 
0. 0. 462. 0. 247. 
0. 0. 0. 0. 0. 
0. 166. 0. 0. 0. 

***Sparse Matrix A***
0. 0. 3. 4. 6. 
1. 0. 2. 2. 2. 
0. 0. 0. 8. 0. 
8. 0. 0. 1. 0. 

***Sparse Matrix A***
0. 0. 3. 4. 6. 
1. 0. 2. 2. 2. 
0. 0. 0. 8. 0. 
8. 0. 0. 1. 0. 

***Sparse Matrix A***
0. 0. 3. 4. 6. 
1. 0. 2. 2. 2. 
0. 0. 0. 8. 0. 
8. 0. 0. 1. 0. 

***Sparse Matrix A***
0. 0. 3. 4. 6. 
1. 0. 2. 2. 2. 
0. 0. 0. 8. 0. 
8. 0. 0. 1. 0. 

***Sparse Matrix A***
0. 0. 3. 4. 6. 
1. 0. 2. 2. 2. 
0. 0. 0. 8. 0. 
8. 0. 0. 1. 0. 

***Sparse Matrix A***
0. 0. 3. 4. 6. 
1. 0. 2. 2. 2. 
0. 0. 0. 8. 0. 
8. 0. 0. 1. 0. 

***Sparse Matrix A***
0. 0. 3. 4. 6. 
1. 0. 2. 2. 2. 
0. 0. 0. 8. 0. 
8. 0. 0. 1. 0. 

***Sparse Matrix A***
0. 0. 3. 4. 6. 
1. 0. 2. 2. 2. 
0. 0. 0. 8. 0. 
8. 0. 0. 1. 0. 

***Sparse Matrix A***
0. -55. 0. 0. 0. 
0. 0. 10. 0. -77. 
0. -74. 0. 2. 0. 
-61. 4. 0. 91. -36. 
47. 0. 0. 47. 0. 

***Sparse Matrix A***
17523. 98586. -71560. 89156. 79196. 
96550. -83031. 83558. 0. -94750. 
72967. 85906. 0. 30411. 0. 
-93011. 0. -17492. 0. -48835. 
0. -83457. 0. -48046. 0. 

***Sparse Matrix A***
0. 0. 0. -31753. 462682. 
-984330. 0. 53121. -132648. 0. 
0. -75699. -129269. -624840. 0. 
692257. -803989. 0. -807000. 0. 
0. 0. 0. 0. 0. 

***Sparse Matrix A***
705681. 748894. -947561. 18387. 410466. 
-665697. 82819. 293227. 664662. 327644. 
930842. -866068. 373747. 881639. -13534. 
-180737. 659582. -312475. -889028. -434647. 
377952. 768307. 36104. 298987. -717133. 

***Sparse Matrix A***
0. 0. 3. 4. 6. 
1. 0. 2. 2. 2. 
0. 0. 0. 8. 0. 
8. 0. 0. 1. 0. 

***Sparse Matrix A***
0. 0. 3. 4. 6. 
1. 0. 2. 2. 2. 
0. 0. 0. 8. 0. 
8. 0. 0. 1. 0. 

***Sparse Matrix A***
0. 0. 3. 4. 6. 
1. 0. 2. 2. 2. 
0. 0. 0. 8. 0. 
8. 0. 0. 1. 0. 

***Sparse Matrix A***
0. 0. 3. 4. 6. 
1. 0. 2. 2. 2. 
0. 0. 0. 8. 0. 
8. 0. 0. 1. 0. 

***Sparse Matrix A***
0. 0. 3. 4. 6. 
1. 0. 2. 2. 2. 
0. 0. 0. 8. 0. 
8. 0. 0. 1. 0. 

***Sparse Matrix A***
0. 0. 3. 4. 6. 
1. 0. 2. 2. 2. 
0. 0. 0. 8. 0. 
8. 0. 0. 1. 0. 

***Sparse Matrix A***
0. 0. 3. 4. 6. 
1. 0. 2. 2. 2. 
0. 0. 0. 8. 0. 
8. 0. 0. 1. 0. 

***Sparse Matrix A***
0. 0. 3. 4. 6. 
1. 0. 2. 2. 2. 
0. 0. 0. 8. 0. 
8. 0. 0. 1. 0. 

***Sparse Matrix A***
0. 0. 3. 4. 6. 
1. 0. 2. 2. 2. 
0. 0. 0. 8. 0. 
8. 0. 0. 1. 0. 

***Sparse Matrix A***
0. 0. 3. 4. 6. 
1. 0. 2. 2. 2. 
0. 0. 0. 8. 0. 
8. 0. 0. 1. 0. 

***Sparse Matrix A***
0. 0. 3. 4. 6. 
1. 0. 2. 2. 2. 
0. 0. 0. 8. 0. 
8. 0. 0. 1. 0. 

***Sparse Matrix A***
0. 0. 3. 4. 6. 
1. 0. 2. 2. 2. 
0. 0. 0. 8. 0. 
8. 0. 0. 1. 0. 

***Sparse Matrix A***
0. 0. 3. 4. 6. 
1. 0. 2. 2. 2. 
0. 0. 0. 8. 0. 
8. 0. 0. 1. 0. 

***Sparse Matrix A***
0. 0. 3. 4. 6. 
1. 0. 2. 2. 2. 
0. 0. 0. 8. 0. 
8. 0. 0. 1. 0. 

***Sparse Matrix A***
0. 0. 3. 4. 6. 
1. 0. 2. 2. 2. 
0. 0. 0. 8. 0. 
8. 0. 0. 1. 0. 

***Sparse Matrix A***
0. 0. 3. 4. 6. 
1. 0. 2. 2. 2. 
0. 0. 0. 8. 0. 
8. 0. 0. 1. 0. 

***Sparse Matrix A***
0. 0. 3. 4. 6. 
1. 0. 2. 2. 2. 
0. 0. 0. 8. 0. 
8. 0. 0. 1. 0. 

***Sparse Matrix A***
1195. 1825. 747. 3648. 
4143. 418. 3397. 1096. 
2940. 1974. 4271. 1202. 
3083. 2105. 2369. 3816. 

***Sparse Matrix A***
760. 2091. 2234. 3467. 
4298. 1860. 713. 742. 
3969. 4214. 2372. 1784. 
2638. 3710. 3689. 3753. 
200. 1395. 79. 3320. 
2235. 803. 3503. 3485. 
600. 1277. 3128. 3571. 
2566. 931. 3010. 2055. 
4091. 413. 3733. 1043. 
3366. 3769. 3304. 3007. 
513. 1496. 3250. 3711. 
4015. 2268. 136. 2243. 
3221. 3606. 3129. 805. 
67. 3228. 2395. 3299. 
781. 4043. 3914. 2952. 
1508. 1669. 4244. 3066. 
1426. 1489. 4091. 1844. 
1133. 197. 3201. 1467. 
3175. 4382. 3877. 2561. 
2260. 4111. 4294. 4326. 
2607. 2832. 3049. 2607. 
188. 2773. 588. 2063. 
221. 4086. 2706. 2780. 
2521. 973. 3846. 857. 
2113. 2109. 2190. 3390. 
2562. 3916. 388. 3374. 
4321. 1994. 186. 888. 
2853. 1604. 65. 2824. 
1760. 4178. 185. 3497. 
872. 3630. 3487. 1346. 
4019. 2865. 2127. 466. 
686. 340. 1909. 3899. 
1328. 2194. 2594. 2883. 
2276. 4385. 748. 2468. 
2366. 579. 1864. 3550. 
928. 316. 2522. 2537. 
3445. 3802. 50. 2342. 
2613. 3358. 203. 4214. 
400. 239. 3273. 774. 
2363. 4245. 2055. 238. 
19. 1380. 2828. 2961. 
4049. 502. 3054. 2396. 
3343. 268. 2808. 1611. 
2580. 1018. 1418. 4137. 
3669. 2049. 3196. 1618. 
180. 497. 3069. 1792. 
1626. 73. 3586. 2632. 
2653. 801. 358. 1828. 
3139. 1867. 107. 2653. 
587. 2685. 3672. 1698. 
1053. 2800. 2385. 12. 
2536. 4407. 2402. 557. 
2350. 3540. 3300. 2322. 
1501. 3891. 1741. 1571. 
3969. 2093. 3396. 1098. 
1460. 698. 3783. 2184. 
2217. 4406. 3260. 4392. 
2164. 375. 2999. 1448. 
2161. 1818. 786. 2853. 
3242. 1948. 2402. 2662. 
385. 1435. 1974. 1606. 
855. 602. 3578. 3665. 
857. 3781. 3587. 191. 
1116. 961. 622. 2827. 
3496. 771. 634. 3008. 
3135. 2133. 2064. 2972. 
1229. 3202. 2628. 475. 
3894. 3439. 331. 3746. 
1025. 2379. 3948. 2248. 
1463. 901. 4147. 1119. 
2906. 3612. 3297. 1165. 
2400. 4216. 3714. 81. 
3365. 1690. 2060. 2253. 
3720. 2522. 1639. 4356. 
1264. 2157. 3575. 2175. 
822. 50. 3196. 2177. 
3222. 1302. 3040. 1454. 

***Sparse Matrix A***
0. 0. 3. 4. 6. 
1. 0. 2. 2. 2. 
0. 0. 0. 8. 0. 
8. 0. 0. 1. 0. 

***Sparse Matrix A***
0. 0. 3. 4. 6. 
1. 0. 2. 2. 2. 
0. 0. 0. 8. 0. 
8. 0. 0. 1. 0. 

***Sparse Matrix A***
0. 0. 3. 4. 6. 
1. 0. 2. 2. 2. 
0. 0. 0. 8. 0. 
8. 0. 0. 1. 0. 

***Sparse Matrix A***
0. 0. 3. 4. 6. 
1. 0. 2. 2. 2. 
0. 0. 0. 8. 0. 
8. 0. 0. 1. 0. 

***Sparse Matrix A***

***Sparse Matrix A***
0. 0. 3. 4. 6. 
1. 0. 2. 2. 2. 
0. 0. 0. 8. 0. 
8. 0. 0. 1. 0. 

***Sparse Matrix A***
0. 0. 3. 4. 6. 
1. 0. 2. 2. 2. 
0. 0. 0. 8. 0. 
8. 0. 0. 1. 0. 

***Sparse Matrix A***

***Sparse Matrix A***
0. 0. 0. 0. 
0. 0. 0. 0. 
0. 0. 0. 0. 
0. 0. 0. 0. 

***Sparse Matrix A***
1. 1. 1. 0. 
0. 1. 1. 1. 
0. 1. 0. 1. 
1. 0. 0. 0. 

***Sparse Matrix A***
0. 0. 3. 4. 6. 
1. 0. 2. 2. 2. 
0. 0. 0. 8. 0. 
8. 0. 0. 1. 0. 

